Latitude,Longitude,ID
47.4360619722,3.562262,170247409
44.2289342781,3.3288953081,168637420
44.2162681632,3.3149484918,168637383
48.7434951677,5.9655445982,167523900
Latitude,Longitude,ID
41.909275,8.6249383333,169348408
42.2266383333,9.2082033333,168871656
42.1343891797,8.7878850183,167325034
41.926145,8.64382,167258592
42.1847764637,9.4389899557,167156366
42.5802722167,8.7237490341,147879246
42.5813364829,8.7236595146,141073072
41.6637289516,9.3807772547,127237785
41.656133,9.37517,124694947
42.6423206709,9.3410054741,86305182
41.3874408968,9.1592690349,82298170
41.5646584193,9.3336854596,28600747
Latitude,Longitude,ID
44.1647599389,3.4540193528,168637264
45.8406989088,6.3965927417,145047606
Latitude,Longitude,ID
44.2112990998,3.3351958171,168815178
43.7463641143,6.9745662063,163547967
44.0733971461,3.2210112384,67578221
43.98103397,3.08549066,46609635
Latitude,Longitude,ID
43.4782388354,6.3225198537,169005235
44.25809677,4.52473195,86682671
Latitude,Longitude,ID
43.8161216422,7.4958436506,163547930
Latitude,Longitude,ID
43.5557321276,5.8182662353,169813608
43.1174476882,6.0146415126,169632246
42.5727013689,2.3379585519,169471555
43.6299667222,6.9730548611,169397259
43.8306366667,3.6305316667,169395076
43.8206435136,3.7776426226,168815263
43.2065802819,2.3654340953,164383493
42.6465705352,2.4886526382,149265842
44.4556556611,4.2787885667,148339166
44.8853258101,5.684385744,132057965
46.6678709171,0.6636187325,129786143
43.5670583333,6.6957191667,126964769
44.8225923,1.7954284,126622251
42.6347712614,2.7654905152,125022634
43.929514199,5.0834130496,124527103
43.6526379515,6.0001384071,124214731
43.2034997709,2.4190181053,123237974
43.677941,1.461201,122138080
43.3707943151,1.9115370293,121196915
43.5608489929,3.6484274986,120858802
42.530681,2.2825049722,112128209
45.274844,0.916565,88668487
43.3093948364,3.1334211825,88031788
43.6111436714,0.6262256687,87188473
43.8678537075,3.7918073684,86070160
45.894187334,0.2887300774,85926900
45.5959817222,-0.4875738922,85226194
43.4082592219,0.6533409593,80022551
43.315537243,2.6390320818,69667356
43.8678222875,3.7920972314,52709566
43.8681013139,3.8278750985,36907274
45.0982874292,1.2241921665,28605281
Latitude,Longitude,ID
44.7897361111,0.3843972222,170074834
44.1731306627,5.9110384807,169429200
43.9921334809,3.9223554011,168500365
43.63331,3.8258716667,167398579
43.676265,3.633845,166892173
44.4280543797,4.6102167293,166041560
43.11874286,6.01358757,164967175
43.3009824882,6.2114837766,163547955
43.6389417591,3.8638029475,149808652
43.778995,3.4699133333,125419076
43.39568221,5.05367276,125295993
43.9673588455,1.3361454383,125078745
43.701284623,3.8586598681,123289562
43.6529092001,5.9985706955,123121541
43.8264266667,3.7697016667,122864153
43.8262764977,3.7700456008,122778001
43.679352,1.46582,122139164
43.9365034408,3.7395331264,119294683
43.37689507,5.8000640623,105732577
43.3634440188,5.5613071893,99786339
43.6683979259,5.3089527795,98959458
43.6734233315,0.5039852483,90777470
44.2276783333,4.3688883333,90181219
43.653987,3.7782209722,86823843
43.879928903,3.8142544325,86556291
43.7270545101,4.0324491262,85874522
43.8303155708,3.6291399926,85614324
43.8681207332,3.7919039727,85005881
43.7665466667,6.170255,84569984
44.3546916667,5.174405,84565827
43.6168766348,3.6812587827,84284424
43.82155172,3.69592765,83771117
43.8603366538,3.793951124,83630106
43.8680424858,3.7923880666,83359289
43.6668673291,3.8492714772,81884560
43.7521801318,6.2481386874,68415622
43.7756251057,3.9625270385,64746708
43.6350593567,6.9315237997,56403198
44.5446043937,4.3454091662,52988093
44.05750905,2.98180572,51996453
43.9217107248,3.5669686161,51015380
43.82635953,3.77008092,50037344
43.8679029196,3.7920422622,49837654
43.8674923372,3.7923860659,49837641
43.8679295568,3.7920471565,48636879
43.8677913613,3.7924024402,48252140
43.8680414929,3.7923445781,48250930
43.867825129,3.7924094018,47118443
43.64865753,1.55427306,27917959
Latitude,Longitude,ID
49.0061990648,2.1208710901,115562480
48.8633992082,2.3670257358,56244941
Latitude,Longitude,ID
45.0965982601,1.2315304925,170301515
44.278008,0.88084,170286013
43.6295673647,6.9633324444,170256950
43.7016830278,1.8054790278,170132832
43.63900164,3.8648204,170093959
44.3621616667,1.63538,170078927
43.6722548194,3.7179859355,169937712
43.9385216,5.3765543997,169928648
43.4920002532,3.6776132361,169923642
43.6326,3.9072466667,169910932
43.6945649722,3.6743739722,169814717
43.5308528011,3.6679704487,169804588
43.694886,4.125781,169776357
43.1780990351,2.5409826636,169744423
44.1085224065,-0.1028791443,169731638
45.69951959,-1.2309807166,169608082
43.0796890889,6.1257361139,169568930
43.6391866,3.8644783,169561109
43.6324219204,3.8572120294,169441936
43.709943,3.556286,169356554
44.8404235456,-0.4063315317,169350867
43.7299479474,4.1678210599,169181919
43.8607116667,4.5193533333,169135293
44.6431306095,-1.1189467682,168987891
44.6479058165,-1.1602308841,168987890
44.6473565454,-1.1585519293,168987889
43.700402,4.137386,168952317
43.3710586383,6.2929022312,168796434
43.6772635669,3.8947109878,168615915
43.3657053476,5.0135488808,168278594
44.2779946546,0.8808397874,168039494
43.6499629125,3.8468874869,167938573
43.1723507399,3.1841450095,167537032
43.172392272,3.1841755948,167535545
43.5953430831,5.255738158,166999913
43.0715183056,5.7906366667,165684666
41.5812676878,9.2575726654,165296714
43.824956,7.12367,165039470
43.4702717784,3.2320806233,164954586
44.7510106995,5.3705358133,163534097
44.8057423083,0.1750214886,162327003
43.075267,5.92903,161440139
43.1396146728,3.0942116495,160706672
42.7860755833,2.7747681111,160523974
42.990842,2.9544039,156482961
43.4249467225,6.7793648767,155435797
48.9599138527,2.9513926064,153246196
43.8847920387,4.3575126727,153030399
43.1695632933,5.6036586761,153030337
43.8397599582,4.3605124491,153020618
43.1133023309,5.968239236,152935143
43.1132694274,5.9682821514,152935142
43.6046238525,1.4442089573,151434126
43.4859271596,3.448798525,151410812
43.6009445189,7.0928840636,151076805
43.1375408355,5.7501423581,150863801
43.984986,0.011111,150801246
43.6391138313,3.8638673205,149890043
43.563460249,3.6828703563,149713889
43.563460249,3.6828703563,149713888
43.4186191848,2.9298125365,149709201
43.6387618002,3.8637868542,149556314
44.4716882145,1.6586396679,148887109
44.4556556611,4.2787885667,148339178
43.7326381743,3.7472042441,147250056
43.5824786951,5.015838918,147212973
43.8645163945,4.8385543728,146852571
43.9217157088,5.1287055021,146710748
44.1988592762,5.9415609778,146492443
43.971165412,5.8893985774,146492028
43.504942,3.311143,146470158
43.6404303573,3.8672019169,146221543
43.6264017035,7.1010450385,145295725
43.5695292054,4.8312718561,145250477
43.7382532935,4.8230889067,144980499
42.8767824239,2.8606764066,144669562
44.193122472,3.2145958619,144295284
43.9495157959,4.7952718821,144278645
43.216667,5.433333,144171537
43.216667,5.433333,144171536
43.216667,5.433333,144171535
43.5605931998,3.6866044873,144170324
43.5605867071,3.6885356804,144170323
43.4681055556,3.0583333333,143638480
44.5912417282,4.2674636096,143253669
43.1418222908,6.3812741473,142422737
44.045494,5.78178,142237636
43.979419,5.774837,142237634
43.5368696392,4.7485099672,142007132
43.3753558,4.8103372,141703004
43.6390269,3.9142526,141357887
43.8006053093,7.4613918364,140424587
43.6408079722,3.8690259722,139873506
43.757952792,3.8700628354,139780098
42.9989215019,6.201008074,138699164
45.0297096,-1.1747961,137841772
44.5283749,4.293008,137711126
43.5185873082,7.0479055702,136429733
43.5955822,3.8262738,135398048
43.52452,4.706212,135249002
43.870845,-1.382405,134646334
43.0638329383,5.8407230303,134417959
43.39173226,5.06106399,134303306
43.1926379363,5.5911881163,133741266
43.3882932485,5.0667196512,133741214
43.5371411028,5.5102849379,133611607
44.0349366577,4.9967619404,132846135
43.124865,3.097284,132290132
43.9274008703,4.2986020446,132249316
43.0944040188,5.8962866404,132183957
43.140943,3.131243,131985666
43.6555132039,3.8198565984,131909049
43.6552897164,3.8196081617,131907523
44.6189416667,4.837555,131876216
44.7855894021,4.6922924803,131802035
43.6356729528,6.0500608306,131740809
43.6207107499,7.0548240123,131709088
43.17642852,2.39658839,131062924
42.2229029103,9.5517620444,130986318
43.7534819629,4.7994389478,130970965
43.8331933997,4.6098800997,130836082
43.543705,6.69102,130748241
44.3873327577,4.2843791715,130504018
43.2152533333,5.5432716667,130363573
43.2152533333,5.54328,130363443
43.2152783333,5.5433283333,130363415
43.2623723868,5.3965978801,130224074
44.1001111111,4.6598611111,130023396
42.401408,9.5356614997,129878358
42.6420052405,9.444035397,129873645
42.4006472952,9.5323874429,129873564
43.2164577869,5.4335328564,129835392
43.2981067093,3.4080985368,129828506
44.1146806,5.0094368,129800282
43.7197182668,7.2759074748,129667059
43.7899434,4.2510823533,129548321
43.7025436928,7.3101674906,129531519
46.29375669,6.07799222,129388081
44.0337219236,5.0047578811,129367242
43.622254,3.00471,129327911
43.622254,3.00471,129327728
43.586297,2.955609,129327612
44.1075611402,3.5158201307,129246714
43.354066,2.7466,129186019
43.77238,4.832745,129123812
43.776745,4.8355133333,129120062
43.45344824,5.41802579,129040320
44.2504806517,4.8261027336,128829880
43.8525196857,4.3383616755,128664073
42.6377085736,2.7666171268,128618287
42.6461072406,2.7810591459,128460749
42.6365556847,2.7682640031,128346103
43.1610179369,5.6173313062,128331140
41.7079792984,9.3723147732,128269548
43.3456129521,5.392678675,128166167
44.5091773224,4.2190592086,128048393
43.3721916667,1.5456833333,128009840
43.6984411802,7.0377186699,127868102
43.0009910304,6.196563407,127853787
43.8628217351,3.9828601107,127845835
43.8274386142,5.264912011,127842423
44.8031191146,5.801256001,127840775
43.781355169,4.5849989378,127814287
42.6347712614,2.7654905152,127710424
44.99528,-0.4501533333,127685940
44.837211651,5.7566676289,127484875
44.4092378419,-0.8153187856,127484701
43.2520065278,2.6522700556,127477954
43.0550416667,6.1473138333,127397234
43.8700416217,3.6976473031,127383353
43.88025,4.92822,127245708
43.6303583333,2.50208,127244635
45.0752748207,-1.1515554786,127208801
45.7719028,4.8249176,127207244
44.3733095045,3.8346690685,127201834
44.1193068692,3.5979585547,127196998
44.3413013232,1.0180659592,127191419
43.0003760689,6.1675297469,127191195
42.8048567083,2.2376489639,127108456
43.7401366667,7.2575633333,127069133
43.1635602108,6.0290094092,127064019
43.163204387,6.0290848464,127063419
43.1632488957,6.0286707804,127062754
43.2778846383,5.4842188954,127013284
43.2729112573,5.4784935144,126987196
43.2729112573,5.4784935144,126987160
43.9131923878,5.0481369719,126981794
43.2717456692,5.4740809345,126979033
44.2786383333,1.00275,126953032
43.1634416667,6.0285638333,126944455
43.5825152053,5.4012253411,126940813
43.811967,4.052419,126928708
42.6004674273,2.9704328254,126870097
43.6016438669,6.9890506379,126854317
43.8343659524,3.6917307973,126829426
43.7218248,4.702503,126815584
43.1097985111,1.227954428,126787864
42.8424565362,2.9126774892,126781390
43.7675991374,4.1031432711,126703502
44.4221996054,4.9265826602,126703213
44.4221996054,4.9265826602,126702875
44.4221996054,4.9265826602,126702805
43.4102668762,6.3981781006,126651489
43.622177164,7.1280888248,126647117
43.1844413558,3.0030779913,126633224
43.29,3.5161111111,126631957
44.429445,4.859675,126621958
42.6021633428,2.0058333333,126614339
43.6220366667,7.1285861667,126613246
44.4366649864,4.3177623209,126532200
43.7545521856,4.79927015,126480418
43.8138568501,4.6533656626,126468537
45.0689577498,4.8390540655,126468536
43.6777212471,1.3227916416,126451846
42.67615,3.0331138333,126441607
43.1217166667,6.1251555556,126388454
43.4628458182,3.5948020849,126339758
43.1768616411,5.9228633344,126322312
43.5074818268,7.0464832708,126319116
43.3966627861,5.0631958991,126317930
43.5585202808,3.3627033504,126253404
43.6908334349,3.8729083339,126247097
42.9799904862,1.1029164284,126246810
43.7327833333,3.9074916667,126194419
44.3322157706,3.7120374375,126191048
43.6775883333,5.0649166667,126059119
43.743522,4.220695,126032265
43.7747347393,4.8328276724,126030071
43.947566,4.53496,125956262
44.0556916667,4.8330583333,125907965
44.899370348,0.7006232053,125895185
45.8795916385,1.0537668318,125813652
42.6860654039,2.8966330509,125750305
43.6782333265,3.7278628371,125670293
43.5054116667,5.5454783333,125641059
43.5243796114,5.4440596295,125606452
43.0973129272,5.8296723366,125473168
44.2788851971,4.1948243599,125472131
44.0889103789,3.9600813648,125448898
43.6921981783,5.5035192219,125432912
42.5981057264,3.0048584302,125313819
43.6657902007,3.6779327052,125298416
44.5445747157,4.3454011193,125291350
43.6390971418,5.1644640889,125284839
44.5968762221,4.2606122419,125280103
43.3102859722,3.1159789722,125191053
43.5986265425,4.3707223581,125187024
44.7765618185,-0.6057211457,125162544
43.9221115,5.0403599722,125145355
44.0622491855,4.04434531,125055253
44.0621379996,4.0444408637,125054850
43.887808499,5.8285229655,125034810
43.8237872066,4.6054616355,124993827
44.1126666667,1.1449028333,124906842
43.5685343932,5.8007084951,124851524
43.1233492902,5.8168929443,124758431
43.6005610536,1.4394772053,124571355
44.5968396952,4.2601680011,124552665
43.5156469422,3.701319024,124530003
43.7729146601,3.8383762737,124525688
43.6545919812,3.8921545073,124521143
43.6019205035,3.6194831463,124453816
43.6022837204,3.6201558091,124453814
43.539935396,5.6509463489,124416910
43.4930659596,3.6754604351,124415354
43.3859291075,6.3328914642,124390682
43.1126615278,5.96929425,124373835
42.63393113,2.7452507,124356062
44.4506416945,4.3087035371,124241173
43.4377011932,5.6882407889,124099371
44.0520628,4.1366387,124016743
43.5037332361,5.7358037308,124000423
45.7196011448,4.8053542915,123978560
43.6322083333,3.866925,123954414
44.148989,4.682918,123953950
45.1402320862,1.1571750641,123949812
43.0056364255,6.1113695241,123895309
43.5726399199,4.2867899314,123842122
43.5863505108,5.018347688,123808156
43.29745,3.5029833333,123728252
43.2977783333,3.5018916667,123728119
42.0079264817,9.2077583104,123701748
44.1118131746,4.0189277753,123570789
43.8149589544,3.7674520773,123552521
43.8073979688,3.6643514782,123523058
41.6753317312,9.3278448656,123517447
43.1924828485,5.6133689359,123508787
43.1924828485,5.6133689359,123504403
44.0393766667,4.921185,123501132
43.3791885375,2.9149076936,123500268
43.3742446897,2.9109261033,123498458
43.6975784739,3.6739688739,123495960
43.6642156793,3.8813564726,123438758
43.3179626464,2.5224065781,123412743
43.2718353318,5.4718478867,123408573
43.7505190158,5.0443034247,123366722
44.3703904353,1.1793217063,123280772
43.7566264759,5.6002294645,123122536
43.83007921,3.6239351519,123092131
43.1460075378,5.754629612,123089359
43.32714603,6.29800177,123082615
43.9532569133,4.8075267592,123003060
43.1238361111,6.1241333333,122947999
44.5148814047,4.3097897029,122934671
43.234752655,2.7756474018,122925141
44.8027496714,1.1400997639,122919664
45.7901416667,4.8812566667,122833312
43.6903083333,3.87567,122828908
43.638359,3.862923,122807826
43.637247,3.862129,122807816
43.8265416667,3.7698783333,122796178
44.8093372049,0.16945526,122766759
43.599406432,3.8234060813,122711188
42.6737428866,3.0330106825,122676808
43.7348567653,3.5474463925,122663137
43.3710725047,6.2921908591,122635696
43.323018984,2.5317634646,122631751
43.125643,6.1297336,122617985
43.5128116608,5.7300888654,122530185
43.6890343708,3.5930169448,122528722
43.308532088,3.1677215095,122496917
43.3956636,5.0537917,122451384
43.6441708989,3.2857834661,122447098
43.6203645461,3.5379714891,122437930
44.148989,4.682918,122373021
42.6375169559,2.7637961134,122360075
43.6904216667,3.87593,122290417
43.8340833333,3.88338,122286415
43.9157680907,3.7684731955,122166895
43.54556199,3.815774918,121925776
43.6389082929,3.8649206981,121803944
44.5149153764,4.3061387672,121706876
43.5058333333,3.5880555556,121568715
43.7445899283,3.7292210385,121375745
43.1802507844,5.5917969346,120932446
44.204097,3.514928,120573181
44.081018,3.64152,120525367
44.081018,3.64152,120515917
43.6316206,3.8634485,119214686
43.7184616309,4.1494778607,118422902
43.1195992429,3.080823019,117470602
43.6841166667,3.80795,117105365
42.69878605,2.90469485,112713183
43.508298,5.4672223997,111309217
42.995799,2.81373,111285983
43.6318472222,3.2696638889,109876414
43.7534216667,3.716245,109458619
42.8169425907,2.8206450244,107896700
42.8169425907,2.8206450244,107896572
43.7200132138,4.012454146,107758958
43.811043212,3.7428651005,107413389
43.657695,3.9858366667,107267995
44.401613572,4.1844901443,106914328
43.3249108487,-1.7058540881,106790256
43.6344146729,3.8522791862,106598830
43.7686297,5.4496568,106362415
43.7686143691,5.4482535231,106251256
44.3630083715,4.5235350871,105928324
42.6545582409,9.2815178489,105732972
42.0227781114,9.4744911142,105732574
43.656359248,3.8439816843,105562076
43.7735276001,4.8330675653,105458662
43.136897874,3.0941104889,103783577
43.656359248,3.8439816843,102528590
44.2274885873,4.3653699215,102182559
43.85407355,3.56375615,101938158
43.1012607289,3.0654192979,101816161
43.863,5.781,101235646
43.7573299598,7.1415766329,100938460
43.3573637182,5.4711354158,100512181
43.3593583332,5.468018899,100412631
43.72853,3.97352,99855189
43.2166987055,5.4333330318,99700678
43.102007735,3.0663483345,99551720
43.2244862915,5.4905039667,99373891
43.3406530141,5.4627408168,99371076
43.3413884522,5.4628513347,99371034
43.3414569943,5.462945212,99371023
43.3746758473,5.4486127115,99122114
43.3744349355,5.4486209763,99122112
43.7176827995,5.1694640866,99118657
44.621068,1.642689,98775993
43.3491942829,5.482723953,98472165
43.893498,4.257655,97887557
43.6984019444,3.9293488889,95516480
43.5221950228,3.6963317939,95404181
44.1614406696,5.0174712762,94208140
43.5159530556,7.0594549167,93736544
43.5173683056,7.0694150833,93736391
49.4413795278,1.0721329444,93507434
46.1269756413,5.0549678745,93494119
43.5445993,7.1331446997,93380835
43.5235842248,5.4439940785,93350924
43.6212017004,7.1296011374,93177038
43.9465139855,1.9176253781,93141281
43.7636578927,3.814451291,93137073
43.7265014648,3.5506417751,92454125
43.7265014648,3.5506417751,92453365
44.5245011,5.0622807,92382887
43.8159256892,7.1795785055,92347312
44.6350566456,1.6598390914,92096544
44.2484136858,4.8907537479,91976505
43.0723715297,5.7889000954,91885557
48.58570863,7.78511153,91856917
48.58450919,7.78418254,91856187
43.6599566667,3.4020516667,91748541
43.6693666667,3.3600683333,91744303
43.463365,3.8045366667,91741751
43.7793166667,4.8304111111,91458931
44.192424,5.006335,91229275
44.1568832397,4.1084775925,91179498
43.2818984985,5.3695325851,91113950
43.8592761114,7.2259599343,90891291
44.1874839871,4.840039,90817701
43.3145178584,5.5440195595,90772284
43.2368545532,5.3647403717,90572213
44.7942615795,1.1050610617,90547478
44.5258630797,4.1187191621,90547069
44.5306468429,4.1282976749,90544805
44.3585209749,4.4546118976,90537447
44.6139526367,0.8176166415,90510505
45.0301699303,-1.1579275501,90385691
45.0295751141,-1.1745003574,90385672
43.7004088307,3.5559856606,90245666
44.5009904202,4.3064076081,90239116
43.6268197317,4.1349444412,89883373
43.756395,4.7978133333,89830635
43.7344512939,4.8003067969,89759303
43.4179462584,1.5807846704,89680803
44.3053383333,4.553235,89660263
43.7577242,4.8512089,89501366
43.722949844,3.8535562996,89496160
43.7229629699,3.8535349643,89496157
43.7229253418,3.8535015833,89496153
43.7228989635,3.8535028391,89496151
43.2071333333,5.517695,89486428
43.6098854267,5.0742596941,89478156
43.5591125486,3.4588279722,89356134
44.3998804168,4.3734972258,89302971
43.6427600869,3.8052422181,89295755
42.6423783924,9.3410783931,89220695
43.4253383333,5.5931216667,89183515
43.68709893,6.03621666,89173654
43.70385053,6.00728678,89173583
44.633718069,1.2552885711,89110177
44.1247024536,4.6839547157,88944179
43.69580469,7.28000658,88878961
43.9239177707,4.5905537903,88854329
43.6178066428,6.9731325928,88795603
43.2450171,5.4176826,88706895
43.7264124581,4.8058569269,88704175
43.6448868992,3.9366117865,88667237
42.999724,6.1711213,88605524
43.6253919414,3.8716802001,88560097
41.5084765759,9.0178662445,88242696
44.6958160278,1.1777379444,88233014
43.950018473,4.5291540317,88094246
44.6327875732,1.2556905672,88006283
42.6633372887,2.9641083817,87958170
43.9488809727,4.8049251344,87907650
45.0653245302,-1.1480205485,87852810
44.4191183333,4.9084249167,87726649
43.6892866667,5.0972555,87688661
43.0355128592,6.1425137947,87680959
43.7190897302,4.7140518363,87678561
43.827140056,3.6921357705,87603346
43.2988736406,3.5016572042,87568710
44.4546466667,4.7567366667,87531900
43.558655,7.0323861667,87372853
43.9194660875,5.2021764525,87299966
43.8733469591,4.4951161666,87291975
43.3329391479,5.1515421867,87266489
44.2426722222,5.0752111111,87158503
43.8738366667,3.8044383333,87133740
43.4687805176,3.2158987522,87132078
43.1363699636,5.737097495,86981974
43.7271075704,4.0325101465,86962506
43.602005,3.8581783333,86915777
43.811052516,7.2114883573,86835064
43.5715459722,4.8320439722,86825893
43.563968,5.022221,86824366
43.12156383,6.23611333,86726260
44.02185833,4.88808667,86711574
44.3110458,5.0697837997,86711262
42.931632,2.910594,86536772
43.5330578064,4.8805363794,86536763
45.0805861,-1.1474492,86535398
47.3474159769,-0.2005786076,86530888
43.3293113708,5.0752205849,86524513
43.1133149844,2.9144467413,86524026
43.5296959895,5.4474270344,86434256
43.0729827881,5.8011817932,86387435
44.8023357939,-0.6048755738,86298209
43.3157305556,2.7996888889,86202133
43.4605371847,4.7323288555,86163001
44.211605072,4.5145359039,86132637
44.4008650077,4.2896313965,86057527
42.6421194081,9.3415000418,86012598
43.3735471359,5.6548062153,86012132
43.2274821368,5.4070705175,85949036
43.4737333333,3.3446416667,85930533
44.7387075203,-1.1887365718,85886422
43.6555371155,6.0076933075,85885932
44.8026634624,-0.6050001078,85760637
44.0639898093,1.6675644488,85675627
43.5715446469,6.495800495,85618458
43.4404296875,5.462287426,84948320
43.83529049,3.76817151,84852881
43.1826914521,2.9090813175,84666677
43.84427323,3.8109090552,84535115
43.636704,3.8160259722,84462643
43.7911529541,4.4067220688,84399122
43.7910957336,4.4066610336,84399087
42.6421209714,9.3408162693,84282331
43.0792743897,5.8044850454,84153892
43.6450249722,3.7415009722,83965237
43.8023333333,4.35213,83960298
43.4393805261,3.2076721472,83921115
46.1393933623,-0.7360098906,82320352
43.5474889575,1.4558235132,82156531
44.0052594444,1.7073461111,81559329
43.3157060278,6.0118989167,81201345
43.5762716667,7.0918833333,79681546
44.8389034455,1.1077938974,79256672
43.6452590772,3.7587033903,79159533
43.6452590772,3.7587033903,79159101
43.3155527778,2.7990277778,78960920
43.1630833333,6.0293971667,78671452
43.7063207816,4.6648855691,78451265
43.8571536067,3.8611270102,78238663
43.7789448199,3.5295034293,76867011
43.6848733091,7.2118809513,76106988
43.6251783718,6.8856114505,74834935
43.7650782021,3.7106568234,73606746
43.6411745986,3.8875986305,72999801
43.5988992572,3.5296688854,72813308
44.0583638889,4.8285416667,72044229
43.7843530631,4.8226320002,71419042
43.660381,3.782385,70890419
43.7310991813,7.401973617,70844291
44.0672722222,4.7905388889,70247789
43.8262583457,3.7167188308,70205149
43.3237339826,2.633214181,69672744
43.6332797415,5.4954385312,68376287
43.590586,6.875196,67517596
43.1360867232,3.13421119,67109675
43.3595114597,5.4691644945,66700279
43.3318432292,5.4222448446,66700262
43.6600466821,4.4804755063,66419798
43.2970254271,5.6278120391,66240825
41.444656,9.084832,65602760
43.1351995932,5.7376730722,65475444
43.8122796997,3.9268333,64548585
43.8121219,3.9280195,64301854
43.1291307556,3.0801640917,62191076
44.554906079,4.696856366,61934050
43.7572807197,4.8418945065,61932906
44.3513461601,1.2549060969,61785096
43.1826409,5.709571,61595559
45.5550394663,4.916943716,61483268
43.734275,4.778545,60166869
43.6402270687,3.8639916711,59987268
44.8933350539,-1.2142558023,59050022
43.8274485035,3.7662969494,58327778
43.7428048218,3.7090067823,58248641
44.2544565477,5.0739546388,57684458
43.415713,6.853766,57431322
43.5855558333,1.0683333333,57426714
43.215134,5.53712,57365768
44.9788957773,-1.0809965432,57311235
44.1694218126,5.0899210031,57099704
43.0038888889,6.4116666667,57013243
44.244558,5.013454,56920848
43.7063377169,4.6646142354,56640619
43.8209344471,3.7287891103,56547533
44.382852039,4.8166176306,56505607
43.235953675,5.4104408972,56430467
43.6673745,7.0671637,56344495
43.2930706,5.6512175,56306086
44.6508805055,4.4442839614,56198143
43.96341,4.796959,56078688
41.4104583333,9.1237866667,56018991
43.7638896185,7.4691658376,56017452
44.072311721,5.0141271738,55941082
43.6206112,3.8922613,55843452
44.2359775822,3.9030016017,55828210
43.6201133728,6.9694161414,55815338
43.3548402021,5.4709306421,55778767
43.3369833333,2.3776533333,55698262
43.6154327392,6.9774613378,55676963
43.88073667,4.91931667,55528310
44.05953333,4.79189167,55509032
43.1030714917,5.8782189712,55413727
42.1710395811,8.5741777419,55411322
43.1607928011,3.1627519056,55367413
44.3829881256,4.8190498352,55313320
43.4892313518,5.5595888584,55264356
43.0051281826,6.376369223,55255492
43.07980833,5.89831333,55254953
42.2584305808,8.7503752006,55206211
43.1030714917,5.8782189712,55160159
43.5574617537,7.1953510989,55146654
43.302415,5.3999058,55142982
43.9543793057,4.8018017986,55135398
43.9542686232,4.8015554339,55135226
43.7458866,4.7968645,55126944
41.3748085572,9.238300362,55125729
43.623154,5.210866,55066932
43.83689167,5.03251383,55022514
43.5173339844,5.4497880936,55021535
44.7984808011,-1.2295226008,54968669
43.3088031896,3.4768107533,54966030
43.693303,3.978293,54921099
43.363361,5.541993,54849055
43.364081944,5.5462682062,54841464
43.1218773262,6.1286390573,54830502
43.7583976703,4.946539785,54754977
43.6501150535,6.7942486703,54750170
43.8035035,6.2347739,54732156
43.4575540836,6.9200020283,54730850
43.2290148782,5.366608724,54724381
43.0835821,6.1402723,54666176
44.8006668501,1.2017258283,54651376
43.1634237,3.1715336,54640311
43.005256,2.525645,54607477
43.80724719,3.5917605,54512818
43.9006954399,3.4960377906,54414542
43.1128430833,5.9689452778,54397776
43.1142795,5.7953106997,54380555
43.764386,5.3616619722,54366733
43.7641089722,5.3620999722,54366644
43.357019,5.472249,54288701
43.357209,5.472265,54288699
43.7773344594,7.2980906399,54273864
42.8286886598,2.9225333355,54188397
43.3335039722,5.0701099722,54175417
43.3982811093,3.4755400568,54144207
43.4507232301,3.0476593226,54137637
43.9493169693,4.805528149,54086285
43.6956077874,7.2991504956,54077412
43.6956236161,7.2991454717,54077409
43.67764667,7.21735333,54076027
43.465637897,6.809830297,54040680
43.0405555556,6.0986111111,53975228
43.6231361111,5.2039944444,53949128
43.3462648169,6.1074523386,53841083
43.5356707449,3.1849490458,53832077
43.5356707449,3.1849490458,53831788
43.9531288144,4.8074197767,53766245
43.964623,4.8381319722,53749529
44.4886369722,4.7506279722,53739332
44.8944664001,-1.2184449434,53723462
43.1127015,5.9694393889,53712731
43.1282500866,5.7906254606,53703467
45.9538706885,6.0479836911,53698530
43.19832167,5.79662,53657040
44.2397510759,4.2999634333,53591997
43.1352489,5.9047765,53570973
43.5080554634,3.888610974,53462704
43.76499167,4.96110833,53461637
44.6590356,4.4437906,53461322
43.9017102078,5.3571539484,53455278
43.427768997,3.3050561696,53453373
43.941095,3.720705,53443960
43.6799577631,7.1162642911,53395964
43.6689705919,3.7229427223,53379185
43.6335148811,3.865782693,53368896
43.8669177906,3.7929451281,53337392
41.403474675,9.1673607565,53278997
43.357515,5.471433,53274783
43.357594,5.471123,53274780
43.357313,5.471185,53274775
45.0984183278,1.2261632427,53268126
43.7167825504,4.1516574752,53265685
42.8671754588,2.8799214347,53249422
44.54890648,4.67877955,53248808
44.54883416,4.67876612,53248323
44.54885058,4.6787741,53248245
44.8598824663,4.8089540005,53187196
44.0078573,5.7376158,53186155
43.3310915706,5.1064773649,53147329
43.32360198,5.4631896,53094850
43.357719,5.469642,53074389
44.3507566111,5.1343320278,53067193
45.0986057667,1.2246049563,52937181
44.0420166944,5.0074215833,52920833
43.1844078637,2.5576321408,52920091
44.022783032,4.8882159242,52919235
43.1098810288,6.0125054419,52913904
44.1565334425,4.4844279997,52870120
44.3054337445,4.5954401046,52852330
43.4536111111,3.0355555556,52815374
43.6926664617,4.869705007,52812908
43.2105504339,5.7913574738,52805665
43.53397488,5.46527386,52788242
43.1552055,5.89641167,52775250
43.8557215055,7.1285881047,52770295
43.67565333,7.13956117,52736546
44.5446273331,4.3453447932,52733298
42.6550638,9.0680268,52702762
44.1090397457,4.9436890706,52682429
43.8670275607,3.7919273942,52654161
43.579510827,3.8050789471,52602306
43.5931266574,6.5569472423,52566663
42.8163165039,2.8258520527,52554927
43.0413226,6.1280139,52484202
43.8168755,4.5064852,52449284
43.7386987,7.2337339,52446862
45.6675040695,4.8382090302,52346003
43.1410800635,6.2899494544,52337992
43.6389255203,3.8649072871,52322008
43.1881772029,5.5625306815,52284035
43.2280835239,5.4599131489,52200305
43.2314900334,5.458711518,52200303
43.8246541696,3.6178976297,52141507
44.057521,2.98181616,52063823
43.363444,5.542264,52039413
44.148989,4.682918,52024244
43.59726543,3.83112479,52015465
44.4280938858,-0.4897569492,52007838
43.6604431,6.9282033,51998683
43.58778,3.77088833,51956142
43.6902386717,5.3196952355,51910738
43.4726110585,3.2231412252,51873623
43.7216830704,4.1732181609,51752637
43.5733278312,3.8305277377,51670213
43.8619949978,3.9059990644,51617233
43.3200663608,3.4849871323,51605060
43.71400833,5.46925833,51578508
43.9273728595,4.2987475544,51578460
43.71423,5.469295,51558242
43.9574418249,4.7081969911,51388244
43.7703819275,3.8627839088,51379219
44.98153333,-1.0942805,51341760
43.9592312064,4.8638309911,51219686
43.8676624788,3.7924027033,51083718
44.027675,1.67764167,50974235
42.8787768413,2.7515600786,50971603
43.6071330076,3.5125329159,50927402
43.8677681367,3.7924065725,50793617
45.6504749423,4.8324012993,50540215
43.8400418959,4.9197060987,50522864
43.9911020096,5.1460306053,50432081
43.83897833,4.95473667,50412372
43.8667711818,3.7921863739,49837705
43.5688276623,4.0742292261,49823519
43.71339667,5.46802833,49103543
43.0308284868,6.1017616466,48941894
43.8338505684,5.7435908541,48236956
44.4001978792,1.671650894,47013019
43.7411803391,3.7068204646,42992680
43.3129664986,5.6564488701,42344050
44.05181117,4.70958833,42335504
44.051875,4.70942,42335233
44.148989,4.682918,42077059
46.1872694312,-1.0845921189,40813592
43.7233973606,4.9960327147,40701424
43.8288691803,5.017415285,40701416
43.7357693241,4.7423671558,39280049
43.1921614,3.1867647,39199613
43.6222552389,7.1289908678,38608182
43.7851059986,7.5134813413,38602505
43.13834,3.0927097222,37270738
43.1042364266,6.070388917,37058685
43.3292126516,5.1489144981,36670993
44.8635505125,5.0651766145,36315666
43.0942014952,5.8617402797,35463915
43.0779039544,5.8562463437,35463842
45.3119062575,4.7813062958,35237772
43.1488278333,5.7129033333,35192614
43.9167002669,4.8882317171,34089597
43.6356899274,3.860623049,32403834
44.4037883064,-0.5097038671,32402437
43.225105,5.5459366667,32334969
44.3099092374,3.3301254214,32281138
43.802808,3.323006,31923618
45.7722545809,5.008531361,31920934
43.7686916667,3.7632216667,31905123
43.7673033333,3.757245,31905085
44.7807655334,1.000025034,31901655
43.120541,6.128639,31750874
44.04960365,4.71347771,31461666
43.3397972217,3.4282074142,31414666
45.0853698439,-1.1880684896,31333430
43.5886383333,3.8406666667,31191538
44.9093968868,0.6419578611,31167232
44.3787283333,1.72418,31070387
46.9392,1.9970033333,31069935
42.2220083333,9.5380166667,31065823
43.9962788,5.8408133,30887142
43.5632887,4.0457553,30861040
42.5395478239,2.8155891931,30831251
43.3686103821,6.5100002289,30743818
43.631049,5.150567,30739245
43.7061661919,3.9143284484,30695773
43.6983634411,3.9295891946,30695749
43.6236583333,7.1294471667,30669801
43.62352,7.129425,30669765
43.22475,5.5452916667,30598902
44.0822235542,-1.3141732849,30532743
43.9198798,5.0532006,30470921
43.64275573,6.87775986,30428806
43.8075917,3.6457402,30411022
43.6444720862,3.880466375,30330121
44.444202,4.844485,30124494
44.2168162773,-1.2981180847,30105102
43.93027422,5.18864881,30100675
45.37342144,-1.1486505,30054261
43.3527831098,2.8041743142,30046163
43.3553201612,2.7474196484,29845794
43.9,-1.13,29787715
43.9,-1.13,29787645
43.7768471905,4.8321054876,29732216
43.7767249386,4.8327096552,29732160
43.6518678639,3.9311720571,29661774
44.1388904688,4.9891349581,29634135
43.1263062705,2.7355751688,29625641
44.2240181,5.1504203,29625481
44.35146756,5.1088013805,29515308
45.3129381147,5.9226601826,29461833
43.9054955685,3.7400554852,29456943
43.272115303,5.3706097371,29453190
43.2714920998,5.3711940399,29453021
44.1364333333,5.4144783333,29450377
43.7709430556,3.7899847222,29381364
43.7518930556,3.7706680556,29380618
44.3872047233,5.3012184799,29373605
44.8390007,1.3375883,29311762
43.3269571924,5.1720753783,29281017
44.5662854546,-1.2151253083,29279398
42.9958851864,2.2568880749,29188587
43.8858523964,4.8009315133,29104369
42.6166318811,3.0911915614,29095947
43.6920883333,3.86513,29088980
43.7505569458,4.149166584,29016766
43.2834707381,3.51147811,28928105
44.4252866667,5.359805,28891906
43.588684082,5.1252269745,28879737
44.3423083333,5.1035695,28807922
43.1359355935,5.7539623683,28799565
43.9458869,4.8595694,28785314
45.098531593,1.2243602751,28677385
45.0984353313,1.2241696105,28619036
43.9766883333,4.8989916667,28551409
45.0990549948,1.2263074686,28378824
45.1000414571,1.2217259823,28373565
43.6193165,6.91559,28349167
44.4195009,4.909444,28228326
43.8181390835,6.0976628016,28105869
43.8181576902,6.097605675,28105858
43.9470942695,4.8375399783,28105386
43.6602300055,6.0682322967,27829980
43.6848115013,7.3339508819,26693655
45.003925,-1.1724883333,26273651
44.6440444331,4.3101462449,26246083
43.3526283333,5.6427766667,26199691
43.7166513474,3.8595702046,24942117
43.7166513474,3.8595702046,24942052
43.4784533333,4.1654916667,24831844
43.6281498,3.8420461,24807342
43.0782182635,5.7797728959,24473460
43.13648921,5.7362044124,20203991
43.136050787,5.7360327349,20203990
43.743178,4.795034,20144051
41.4726746174,9.269465211,19728743
43.710324,5.4352729,19317033
43.1826409,5.709571,19309765
43.743887,4.795495,19108768
43.710324,5.4352729,19104278
43.710324,5.4352729,19104277
43.776775,4.8344027778,19096665
45.9603538737,4.6534224227,19064612
44.1763333333,5.4341666667,18890371
43.675607415,7.1395892836,18104675
43.955845,4.803895,18099720
44.0023902,4.2896711,16997806
43.6418833333,3.8759883333,16545607
44.541485,4.291955,15872628
43.106933,6.018687,15805443
43.77885306,4.4754924,15676695
43.77615,4.468584,15676694
43.77615,4.468584,15676692
43.77615,4.468584,15676691
43.77615,4.468584,15676690
43.5877761841,5.1905555725,15621602
43.6743349582,-1.4155483805,15480683
43.6922766345,-1.4264768735,15472654
43.3376752,5.0717435,15415781
43.0401283333,6.151155,15284289
44.68855194,4.38154774,15167564
43.0408983333,6.1473316667,15164845
41.69127,8.88033,15129579
43.2472229004,3.2961111069,15027943
43.8690066592,7.3020867907,14990004
43.398686,5.3684079,14988531
43.398686,5.3684079,14988530
43.0317721667,6.1631805,14982899
43.6421166667,6.87402,14826567
44.2296974196,4.3540970442,14648015
43.7429670358,4.7953850575,14608765
43.1375971667,5.740095,14608274
43.215845,5.5410133333,14598829
44.169088,4.55267443,14572417
43.3350616667,2.3782116667,14570648
43.9185844966,4.89271424,14511363
48.805695362,2.4482497938,14510873
43.9672583333,4.271775,14494513
43.9310302734,4.8338603973,14294485
44.173993,5.2783791,14251033
43.743887,4.795495,14250607
44.556738,4.50099,14250020
43.5999488784,7.0781248715,14199476
43.4290966667,5.0346528333,14175129
43.0062023394,6.1848417659,14135590
43.5811493,5.4108717,13642198
44.1942822048,4.1486907005,12895796
44.3420978144,3.3733476276,12133313
44.197236,4.144796,10978466
44.1999281286,4.1109466553,10820404
43.400481,3.663846,10288279
41.4663411,9.2717134954,9308489
43.3256771929,5.5810546875,8533933
42.833829,2.919303,8341941
44.5921342111,4.9528840184,8025540
43.2681962653,2.1635019779,7445231
44.5500976093,4.4167882204,7334990
49.2499831682,5.9410380609,7308922
43.92595,4.9409166667,7274244
43.81819,3.7316,7220901
43.8194187827,3.7297797199,7179247
43.8141913889,3.7358930556,7179178
43.8142784512,3.7357234954,7179175
43.9582257271,4.7975910666,7036389
43.8414429501,4.3503535911,7033097
43.8417119254,4.3505135179,7033096
43.8421751513,4.3495100364,7033089
44.2256202698,4.7226886749,7022460
43.6935713889,3.5660163889,6933198
43.6935193883,3.5659709572,6933195
43.3269599058,6.3930137441,6927737
43.742063106,3.709371686,6921980
41.473005,9.262066,5764862
43.709858,3.553044,4944571
43.796443464,7.3532009125,4516681
43.6021645,7.0916933,3849798
43.60279353,7.09165094,3849797
43.9541664124,0.3802777827,3837814
44.0489716667,1.8441933333,3758770
44.136255,1.882655,3753250
44.1293166667,1.8800833333,3753245
43.275776,2.708092,3080833
43.758201,4.736996,1577259
43.222783,5.539096,106918
Latitude,Longitude,ID
43.69674,4.131583,170235875
43.6801949106,5.421104405,169830060
43.863241868,4.5000178367,169746115
43.8632737767,4.5000962913,169746062
43.8633158382,4.5000852272,169746018
43.8633653933,4.500070475,169745987
43.8633847319,4.5000698045,169745905
43.5426239,3.8172103,169603943
43.6620143824,3.5283604637,169424149
43.6619566562,3.528618291,169422693
43.6437289048,3.9522027971,169407317
43.661484172,3.5288016871,169372179
43.5389865612,3.4944791347,169342462
43.56508,3.8169466667,169336314
43.38824,6.35885,169193362
43.698306,4.133386,169180272
43.3190090406,2.8755811974,169163922
43.3255796321,2.878783755,169156625
43.38884101,6.34923465,169129573
43.9126861111,4.8901555556,168963834
43.8261253209,3.7701116502,168815232
43.8632783333,4.500055,168798870
43.6855359997,3.8767939997,168785307
43.63232181,3.44928635,168545799
43.698752,4.131971,168513221
43.696446,4.131255,168512277
43.5182608587,3.6575933173,168334638
43.5903589722,1.7720959722,167561543
43.7055333333,4.7901833333,166070632
43.7183825302,4.9532588571,163547936
43.4413913573,3.4737682345,151952485
43.4389747228,3.4624935057,151949652
43.6376106217,3.8624908018,147539450
43.6376366667,3.862525,147539449
43.2443231625,2.544692481,135665702
43.6199320258,4.7633450478,132249476
44.3869629852,4.2849260955,130504017
43.85481524,3.70979191,126670718
43.4375495228,6.1049457639,126230518
43.6394126842,5.1651601082,125284840
43.6572617257,3.8879508153,123811768
43.6685729322,3.8840571882,123487994
43.6639817449,3.8818707512,123438630
43.5949583333,3.55054,123363793
43.2890281667,2.8282630278,123255642
43.4922955956,3.6780586032,123106095
43.3710471075,6.2926177494,122964845
43.3231484652,2.5370825546,122863212
43.637247,3.862129,122808996
43.637247,3.862129,122807820
43.637247,3.862129,122807814
43.637247,3.862129,122807811
43.7149598193,4.1742101403,122668310
43.6641970269,3.8811663095,122637888
43.323018984,2.5317634646,122631750
43.6260440806,3.8351449394,122517423
43.7287151575,4.1626917529,122511142
43.0861166667,2.9607466667,122459717
43.6621230435,3.5285418481,122436483
43.6624077926,3.5294256359,122380011
43.6624170093,3.5294360295,122379492
43.6640997665,3.5292016715,122334534
43.755642311,3.7272771075,122333666
43.5965322167,3.8761091977,122327730
43.5963335966,3.8760615885,122327707
43.663390094,3.5289783776,122284768
43.6633374625,3.5290447623,122284590
43.6641858677,3.5292328522,122283403
43.6878560969,3.9312872663,122280712
43.5019444444,3.6013888889,121999759
43.54556199,3.815774918,121925805
43.4389616667,3.205805,121889205
43.7138453748,4.0010202666,121848353
43.6218500524,3.803690109,121453892
43.7447117615,3.7290470302,121375759
43.1793212972,2.7834577944,120795089
43.6690870997,4.0113512,120643262
43.7180567101,4.1500065379,118423139
43.4550363944,3.7551274948,106497100
43.656359248,3.8439816843,105856814
43.778708,3.869795,105570308
43.1160926418,6.1414117366,90830956
43.8725487728,3.704068173,90515405
43.5625989722,3.7433559722,88418161
43.6618861905,3.8811300593,87697861
43.659711,3.8280699722,86822446
43.1794577138,2.7836586256,86697700
43.1794452667,2.7835309692,86697602
43.4735033333,3.3449466667,86301764
43.7135467528,4.8922424314,85965836
43.1441667867,3.0627398784,85928162
43.3754301112,5.518524182,85375204
43.7705471399,4.1222387552,85259987
43.5950901418,3.8763039932,85141010
43.6624213752,3.5295104608,85010155
43.1134195,3.1220416667,84725436
43.7245729838,4.0357351676,84700773
43.7705471399,4.1222387552,84331185
43.7705471399,4.1222387552,84311836
43.6159068,3.4581457,84285493
43.8600025621,3.78549546,84060090
43.8599665419,3.7856185064,84055544
43.5803413389,3.5658919811,83618666
43.3601074217,3.2522339819,83269867
43.6367963131,3.4424647316,83232838
43.754291075,4.5022804851,67578371
43.0851028299,2.972029527,63695662
43.7056783333,4.726485,56613849
43.2313177368,6.1624027595,54610538
43.6382046314,3.8923818246,53892974
43.2852336,3.4523705,52000660
43.7287916667,3.983875,51882038
43.7112167,3.9684988,51799502
43.8656999481,3.792040451,51446878
43.8622587065,3.7973373894,51249126
43.0861381467,6.0501161095,51102609
43.7015412826,4.1424197855,50601652
43.7097088109,3.7324121889,50295381
43.8667074399,3.7921544449,50280931
43.8250211794,3.7651103475,42785112
43.611297,3.812357,38367367
43.6258473287,3.4477571557,28245336
Latitude,Longitude,ID
43.6992419722,3.674481,170299063
43.2930128044,2.3449388333,170272779
43.6553861111,3.854525,170263709
43.81797,1.311195,170126164
43.6722548194,3.7179859355,170103024
43.6879102288,4.0280204947,170098879
43.63892869,3.86488011,170091464
43.6316206298,3.8634485006,170086255
43.69791152,3.67269176,169988541
44.441823,5.28692,169974347
43.0120844611,6.3854094306,169971161
43.6722548194,3.7179859355,169937973
44.3486728353,4.7682947293,169932118
43.6341203204,3.8698123768,169926559
43.4907636111,3.6733856234,169913173
43.4932014052,3.6751015796,169912837
43.9407392,5.3805867997,169896965
45.5477430729,6.0010742024,169825394
43.3327663631,2.6763449563,169804119
43.9061349454,3.7436468221,169801659
45.0960951928,1.2295112001,169796199
43.695678,4.125636,169777765
43.7117082005,3.942409046,169745343
43.6107522503,3.8767160475,169741511
42.901846593,3.0197884887,169738004
43.5564867,3.8246650997,169604120
43.67458,3.7256416667,169563726
43.9404418075,5.3802401558,169557754
43.4579692018,3.6312238136,169551319
43.7677777778,3.7869444444,169546145
43.5209894064,3.6001034036,169437430
43.5187683646,3.606878298,169437359
43.5188035161,3.6068660393,169408107
43.83004,3.6295766667,169395080
43.8625344669,4.5808090398,169379960
43.1984543695,2.6828188822,169369367
43.674495,3.7258666667,169350485
43.6744533333,3.72597,169350406
43.6399803162,3.8204913139,169350212
43.7796891742,3.776743412,169232867
43.7802960437,3.7754482403,169232559
43.3197886312,2.8772719949,169165109
43.324996947,2.8790033609,169156986
43.61867134,3.8627323508,169127397
43.6635583333,3.8457694444,169064626
43.4931790672,3.6746063238,168864846
43.0657729159,5.8548284322,168856348
43.371063269,6.2924536318,168796038
43.6069304504,3.5126812756,168793714
43.5775044,7.0515142,168664436
43.6607123753,4.025913924,168652629
43.4919615338,3.6738776892,168648161
43.5062639602,3.638231297,168631093
43.132542,5.9702979722,168620888
43.2004907761,2.7577758953,168617587
43.9190805556,4.88955,168455455
43.5134341057,3.6572744697,168334950
43.7034388889,3.8637777778,168051524
43.3825321093,5.9139416367,167591638
43.7184421874,3.7795015384,167513851
42.9497426793,2.9699929431,167001608
43.671824,3.859265,166086356
42.6290734234,2.7218549122,165723353
43.8284247815,3.6213539827,165603072
43.6650509958,3.720032461,164637182
43.6763304,3.721416,161302735
43.1089861111,5.9421888889,160865167
43.3539529997,2.7488665997,159625836
43.7341679702,4.1347131653,158640993
43.1641492997,2.6380566997,158556818
43.1953010558,5.6127033233,156899508
43.60836154,3.35074673,156851318
43.6559853224,3.3616927274,156716698
42.990842,2.9544039,156482962
43.780388998,3.8130779564,155726077
43.928961,5.9393229722,154927013
43.12411875,5.93343925,153105350
43.8585470923,4.3579183735,153020515
44.2556323792,6.7164020038,152628772
43.8504468619,4.8495051904,152009213
43.43538685,3.4702364022,151954826
43.4928893379,3.6765658356,151127144
43.002259621,3.0148086712,151069436
43.7296118151,3.8313479452,150961963
43.7296118151,3.8313479452,150961136
43.4920356017,3.6781856418,149995546
43.4922575508,3.6781132469,149821354
43.6390310507,3.8649187464,149809523
43.5570648727,3.6847972875,149718006
43.5570648727,3.6847972875,149718005
43.5570648727,3.6847972875,149718003
43.5570648727,3.6847972875,149718002
43.5570648727,3.6847972875,149718001
43.5559445102,3.682737351,149717999
43.5559445102,3.682737351,149717998
43.5559445102,3.682737351,149717997
43.5559445102,3.682737351,149717996
43.5559445102,3.682737351,149717995
43.5559445102,3.682737351,149717993
43.5559445102,3.682737351,149717991
43.5559445102,3.682737351,149717990
43.5559445102,3.682737351,149717989
43.5559445102,3.682737351,149717988
43.5559445102,3.682737351,149717987
43.5559445102,3.682737351,149717986
43.5576399744,3.6897722725,149717984
43.5941918368,3.406854475,149580345
43.6387618002,3.8637868542,149497204
42.9202916667,3.0455055,149165516
43.8072857977,4.3142572775,148936326
43.4920428596,3.6782970477,148924834
43.4923799968,3.6779955022,148924676
43.4915974766,3.6724486296,148923935
43.642255,3.859231,148792183
43.6745002773,3.7259138559,147968119
43.7349090918,3.7464052811,147250011
44.2060193698,5.0231120744,147218881
43.8645163945,4.8385543728,146852066
43.4915949751,3.6724698493,145855443
43.0914778333,2.9669,145203160
43.4920301733,3.6781293193,144925045
43.5597424418,3.6890506619,144170321
43.5596713158,3.6888550421,144170320
43.5596219667,3.6891939363,144170319
43.5593218179,3.6905672307,143994704
43.611579895,3.3944818972,143173682
43.517082,3.5226619722,142529681
43.6555379722,3.819866,142529297
43.3311316664,2.5255897394,142466824
43.862093,4.984436,142237638
43.4920571919,3.6781487396,140653590
43.7296118151,3.8313479452,139780100
43.4484885416,3.614760451,139233595
43.1273998838,2.8984433413,138005755
43.6614737028,3.34217566,137123904
43.6093928614,3.3632257263,135675270
44.72973115,5.23865355,134876904
43.7206119955,3.4173260629,134866553
43.4920344745,3.6782211094,134865674
43.0660256963,5.8364130557,134341812
43.6549398358,3.5303067416,133763277
43.0829111667,2.6955533333,132605704
43.3910792259,2.8996090408,132460937
43.890841,4.679413,131800407
44.56707476,5.5110805029,131783282
44.4079490362,4.3956742063,131262588
43.6685967509,3.722001873,130832207
43.1600861111,2.8489527778,130371349
43.8656480615,3.8143332802,130041261
43.9625499066,4.7925591759,129998887
44.1146807,5.0094333,129800292
43.0035949,6.3944268,129186020
43.354066,2.7466,129186018
43.497475258,3.566842787,128953036
43.3710898344,6.2921096385,128806533
43.6766013641,3.6717690888,128590256
43.1569417943,5.9142685309,128446110
43.6785961637,3.3448311225,128208791
42.6589519,2.8309461,128208403
43.1326559722,5.951188,128160824
43.6799623701,3.8500820473,127855266
44.005,4.8726666667,127538559
43.6730652682,0.508079119,127242865
44.44823,5.3192466667,127220660
43.13515,3.1356278333,127150953
44.1195458787,5.0263239071,127077007
43.840718816,4.3500904313,126989695
43.2775470037,5.4519158306,126978954
43.3709219115,6.2926115468,126831539
44.3228416667,3.6121166667,126788045
43.6706190625,4.3427724507,126655336
43.3177770518,5.5935324516,126395317
43.8651834333,4.6796929,126383770
43.1112441181,6.126501672,126379732
43.4859300747,3.6126367868,126339377
43.640813,3.858921,126318538
44.016765347,4.4252445549,126261486
43.3395465461,3.2581450045,126211627
43.5228324,5.2582247,126171548
43.6540116667,3.3346216667,126056107
43.3531,2.7805083333,126055011
43.6860747,3.8657135,125984806
44.31670493,3.6669418216,125970906
43.9728705952,4.6784605086,125814503
43.6643920741,3.7210410126,125645368
42.8101166667,2.89245,125586544
42.8104633333,2.8936083333,125586464
43.3280457857,5.5278466544,125583936
43.6429027778,3.89065,125522087
44.3177251581,3.6647286639,125422035
44.312550952,3.6572555744,125418892
43.2160257925,5.5377011374,125416491
43.6144177069,3.8443745228,125411052
43.1341401641,5.839509666,125410080
43.2413716667,5.406175,125346204
42.6437039951,2.9664988368,125178536
43.3068160255,5.3986560926,125156313
43.887808499,5.8285229655,125034807
44.5018466667,1.2237533333,125007371
44.5018416667,1.22378,125007216
43.3155861111,2.7995277778,125004213
43.9730616667,4.78955,124941153
43.21311,5.5366716667,124865782
43.4926546419,3.6773675359,124864775
43.2164821796,5.5339382463,124858233
43.8257409674,3.7775819376,124856155
43.832483229,3.6432490119,124779180
42.9233932863,2.942936113,124730188
43.5994322878,3.8733817264,124694198
43.69798,3.862765,124586097
43.5440763843,5.4531881257,124532691
42.9333568894,3.0013130521,124516428
43.5978975623,3.608950156,124453628
43.6015828816,3.6190439295,124453556
43.4929502815,3.6759799034,124406648
43.4921867835,3.678277076,124399808
43.4984213409,3.7199188024,124371532
43.7750020879,4.9605782764,124299163
43.1084529357,5.9368402418,124257442
43.9229868,3.7587538,124243813
43.6469816,3.8071842,124224866
43.6144447327,3.1859469414,124131676
43.638552,3.864882,124121153
43.1827784612,5.5915622413,124119294
44.5535527778,4.6013777778,124098193
43.4964418462,4.4276320562,124086511
43.4571111111,3.4252083333,123982511
43.6321444444,3.8638694444,123954350
43.0290945,2.9679366667,123948654
43.6355306426,3.8129421696,123932270
43.6380366667,3.8083833333,123875460
43.6477945855,3.7975137681,123862876
43.6010799048,3.8657099381,123835407
50.728776,1.5973029722,123827445
43.6979062936,3.6722802447,123672514
43.7143001205,4.9821032413,123671675
43.6954633333,3.8641283333,123662408
43.8639611267,3.9043088539,123578653
43.8185680573,3.7814784043,123575830
43.3790245735,2.9149469733,123500398
43.3753318786,2.9114379881,123498354
43.3163194251,2.5248226896,123492790
42.7824000622,2.5323278457,123490162
42.827105,2.9223716667,123486668
43.1295309076,5.9490614757,123478851
43.6713289,3.8590525,123403495
43.4923562069,3.677963354,123354442
47.7096116667,3.1690333333,123261415
43.7348707457,4.1697602616,123258952
44.2850576109,5.282018861,123215679
43.4933609387,3.6742106451,123118571
43.4933559756,3.6743051446,122995740
43.8345375058,3.8813040256,122987406
43.631774432,3.8465207461,122984857
43.3862916667,3.4622916667,122937556
43.6852936944,4.0975679444,122925608
43.5698654907,5.7491008281,122817213
43.637247,3.862129,122807827
43.637247,3.862129,122807825
43.637247,3.862129,122807822
43.637247,3.862129,122807821
43.635280951,3.8130759448,122768741
43.2145147655,5.5353726447,122644724
43.841655342,4.8419770226,122624715
43.6423187256,3.7986736297,122621554
43.2857590754,2.8920962289,122536654
44.5716234597,4.6329558268,122505089
43.6250574477,3.6405478496,122503662
43.6440367034,3.285287477,122485699
43.6163840328,3.8571515809,122477065
44.2850912644,5.2820488134,122462992
43.35302,2.78057,122461629
43.0985984578,2.8121888638,122451831
43.1132432934,3.1007291749,122299137
43.6840866667,3.8077283333,122275330
44.3153793028,3.6627444997,122205059
43.5421216667,3.8469133333,122115814
43.6038166667,3.8496416667,122088239
42.8583476108,2.7197565883,122001362
43.54556199,3.815774918,121925812
43.7889216667,4.4028533333,121863854
43.7010224027,3.8686447288,121720073
43.7006639904,3.8688896718,121718622
43.5824372995,5.001203008,121655681
43.6324342964,3.856812045,121650927
43.6141031351,3.8741642609,121623039
43.6245444444,3.87055,121232322
43.6372458499,3.8354574936,121107731
43.1802507844,5.5917969346,120932152
43.183904991,2.8094140273,120853288
43.537816,3.5014648,120831773
43.6731632391,3.7227978185,120829890
43.4991912842,3.3124096394,120481665
43.826196,3.7700279722,120294179
43.6409892625,3.8669300246,119442461
43.7184927588,4.1492263514,118423295
43.6259373335,3.8356111964,117010083
43.9560661111,3.6515979722,116880782
42.9166813095,3.0536589095,115081012
43.4668165447,5.5750093607,111511178
43.2057918,5.5033199,110581002
43.0281333923,2.9909000397,110083296
43.9028960467,5.8134774026,109540906
43.4925186341,3.6777123667,108745063
44.2806648416,1.1264233514,108508598
43.8198084505,3.7282339856,108505300
43.7400989,3.7678728,108136009
43.924543459,3.7919558957,107625711
43.4869390555,3.6558987994,107249303
43.5514115957,3.8367785587,106913295
43.1926319542,3.1799653172,106602546
45.3833169325,4.7301828861,106331752
43.3405420161,5.4739169041,106110407
43.5064444166,3.6669149122,106028162
43.5064801113,3.6668712742,105508714
43.8582940481,5.2212014534,105506247
43.6184188,3.8356736,105261706
43.6565631305,3.4982627258,105153512
44.0280133333,3.7762083333,104637823
43.656359248,3.8439816843,102541048
43.863,5.781,101275855
43.6330638455,3.8695697728,99337255
43.0794048915,5.8967989748,97629239
43.5698471069,2.9666717052,96362221
44.4668518048,5.2133902534,95829501
43.5254623123,3.7019428879,95580804
44.0135355999,4.7720075771,94416953
43.6326621599,3.8701097667,93245000
43.93985,3.5622027778,93235382
44.1378166667,5.0999416667,93183622
43.6841888889,3.807775,93054542
43.6840972222,3.8078166667,93054541
42.8328315,2.9196905,93035442
43.93385,3.5619888889,93034791
43.4173980712,3.0596642196,91649566
43.6447728694,3.3729556203,91620033
44.285478949,0.5130775769,91542260
44.1616792077,4.9559450895,91539544
43.8360153448,4.4063426927,91505065
45.8437149661,5.0712474668,91427266
43.9713935852,4.369743824,91221929
43.111905214,6.1366159469,90871769
43.0100083955,6.3914935291,90867993
43.1195318992,6.1606093124,90830887
43.1164817808,6.1424779892,90830872
43.7185974119,7.1471772192,90812743
43.3274055556,5.612675,90398211
43.890583,3.510036,90384383
43.9302222222,3.7868888889,90375014
43.00523274,6.37646907,90143252
44.3950074902,4.1915108701,90131192
43.7758416667,3.804975,90129861
43.9297729722,3.783141,90029185
44.5803616667,4.4461216667,89796808
44.0426310663,5.0073634807,89791153
43.7828250256,3.7767424532,89675344
44.3056607269,4.5523019913,89660267
43.6188866409,3.8476357619,89622109
44.6338705258,1.2558213249,89110203
43.86473,4.39977,88856292
44.2059687758,5.0254344195,88800934
43.812058,3.7419859722,88724114
44.2707285353,5.7760422304,88709438
44.2742217524,5.7814851031,88709130
44.0075983386,5.7001119107,88695355
43.7772555997,3.8674254997,88456882
44.4513595119,5.9546337649,88396530
44.3735241997,5.5531528997,88375141
43.5133565419,3.2728797197,88258465
43.1357040405,5.902387619,88224038
43.7738304138,3.7161786556,88094793
43.0021260233,6.3713120315,88041181
43.63666936,1.49637269,88029922
43.6534538006,3.3878295141,87971487
44.3689481,4.4618022,87970414
43.9915313721,3.8613948822,87837372
43.7213664223,3.5878775606,87777142
43.1141138333,5.8163133333,87387041
43.385226,3.454094,87371219
43.9795616667,5.7767416667,87310342
43.91702209,3.71826492,87303427
42.8849654032,2.9421883706,87207060
43.4687728882,3.2158901691,87132386
43.6170883333,3.5135366667,87098333
43.6502683333,3.34878,87005343
43.8738333333,3.7960416667,86989753
43.7054554339,3.5499074348,86964868
43.721338,3.8633069722,86956482
43.6890275504,3.5929929462,86910743
44.3113782917,5.069550975,86713920
43.7468245463,5.321183838,86709172
44.481590271,4.4988160133,86692158
43.6534785619,6.0042600799,86688997
43.2596027778,5.3849666667,86616906
45.9369036004,5.828926222,86576013
44.2312710943,4.9868967757,86388746
42.893306,2.978041,86381047
43.638854184,3.8616691902,86215808
43.28189667,5.53259667,86182232
44.235885355,4.9667191878,86150519
43.1304695,3.095775,86060137
43.6688139722,3.7735769722,86004465
43.6687799722,3.773692,86004410
43.6774375191,3.6693563828,85925411
43.3006809023,5.5741959438,85883103
44.0643844928,1.6672686088,85675636
43.8447354778,5.1408053333,85664447
43.6515912272,3.3029389009,85617441
43.6555166667,3.8867966667,85610018
43.6555730713,3.8867735486,85609806
43.8301505993,3.6289625977,85594522
43.7455896741,3.9319208066,85590116
43.7292265488,4.0381659195,85534192
43.6597116,3.293712,85488913
43.4536111111,3.5483333333,85486918
43.7462248456,3.7052685767,85452464
43.1005639722,6.017539,85447325
43.6391619722,3.866658,85437377
43.1455543958,6.3940342516,85432823
43.5948584936,3.8755945489,85351194
43.8639740668,3.9044118996,85250448
43.6169983333,3.5132716667,85188780
43.8363899585,5.1744901389,85137655
43.3131083333,2.7765666667,85109048
43.3422315734,5.5714316842,85068694
43.7201881409,4.3268523216,85065095
42.8946583333,2.9592055556,84991696
44.1879119873,5.0080890656,84960517
43.6560031066,3.7907750777,84840070
43.6495526602,3.5550206384,84767197
43.2268579942,5.5736092001,84766883
43.5086052644,3.3192225918,84709019
43.1793414988,2.7837801632,84695193
44.0567474365,5.0469751358,84690661
43.1438009078,6.2345405422,84683386
43.7745883333,3.75825,84608030
43.7745366667,3.7576566667,84607986
43.1611657582,3.1594836339,84546589
43.8544745459,3.8050990552,84535349
43.8536933876,3.8075968623,84535309
43.8400929213,3.8156988099,84535214
43.3029675992,5.5479903581,84474767
43.6245590063,3.8727467135,84438515
43.7519035166,5.2019844789,84433021
43.832368,3.885359,84405959
43.2876838418,3.5042653419,84338169
43.6916538337,3.9278435944,84318457
43.298743,3.502598,84287058
43.3317766257,2.532623224,84221302
43.4538934203,3.0353261903,84180852
43.6902328876,3.8758090034,84156182
43.8596629082,3.7833677977,84057898
43.8605607505,3.7871292606,84054488
43.3378126395,5.6137168539,84039360
43.5083941959,3.3192755654,84036824
43.7361720155,3.7009741752,83909859
43.6844261618,3.590028137,83788026
44.099925372,4.084884563,83763805
43.7559283333,3.729695,83667857
43.3930371631,3.0063531426,83605215
43.3931185498,3.0063381311,83605150
43.2318888889,3.0546444444,79742191
44.10576262,5.02042702,76135140
43.6035755734,3.7108524278,73587204
43.68593795,3.5911014,73402991
43.9159638806,5.4724983126,73380417
43.5988992572,3.5296688854,72813307
43.9637333333,4.8007472222,72042188
44.0049833333,4.8729277778,72042186
44.0049972222,4.8725777778,70247857
43.2085195,5.6336736,69673637
43.3154630844,2.6391340058,69663703
44.394962,4.37783,69426686
43.7581943859,3.6555793308,69298910
43.7648812275,3.8843774481,68415623
43.6594040992,3.2914201009,68415336
43.8451159472,3.6982441815,68415335
43.8863048518,4.6693058595,66778592
43.3594065635,5.4680519893,66700278
43.3593969831,5.4681534077,66700273
43.3594149283,5.4680406489,66700267
43.0990151257,2.9442487657,66298536
43.9919963218,3.6368393898,66266669
43.4359994433,3.1003352255,66244062
43.8435072489,3.6670115074,64881831
44.008767,4.872757,63656893
43.6141374534,3.514223214,63634310
42.8460210308,2.777510358,62282120
43.3595091354,5.470004864,60811298
43.359254887,5.4680746794,60803436
43.18073667,5.5937,60167556
43.6402255491,3.8635931349,59987347
42.7250864559,2.7123243902,59987345
43.6354364927,3.8622123376,59808527
43.469512,3.341676,59009084
43.4378175629,5.0368613005,58582028
43.6196366383,3.6561030149,58344762
43.6196533859,3.6559528112,58344282
43.3921079597,3.1011080369,58315453
43.124228,5.928,58250639
43.5944949935,3.8960742205,58241446
44.2544565477,5.0739546388,57684470
43.526740613,3.5532336516,57469402
43.7019469,3.899178,57368502
43.682702,3.925559,57368491
43.35320333,5.59947167,56943965
44.0208597476,4.4227637748,56872600
43.700954424,3.4525127022,56429223
43.7279143707,3.5499988496,56354296
43.6757469,3.723799,56319459
48.83984197,2.3786739837,56249103
49.3026846,1.0310893,56215170
44.008767,4.872757,56078298
44.029863,4.827408,56053545
43.7103805223,3.4253038481,55909562
43.96514167,4.80226667,55772743
43.6584973459,4.1156556085,55688473
43.6893775008,3.8053560134,55681931
42.8970717609,2.8469529748,55472373
43.1030714917,5.8782189712,55370927
44.710592369,5.1375061855,55187381
44.0018583275,4.7739284579,55176679
43.9541852823,4.8016571949,55135851
43.843525,5.202875,54903981
43.36842,5.534349,54841470
43.4370840405,3.0994923413,54798024
43.53884,6.0008233,54724250
42.9910826575,2.9552118117,54716333
43.2333564758,5.3647890091,54398132
43.09736383,5.87693333,54385984
43.4726227495,6.1263524741,54382830
43.2775032396,5.442045673,54293848
43.357378,5.472719,54288711
43.3702217,3.0369429,54050128
43.0987302646,2.8121713644,54037339
43.7573759705,3.8412257284,54036302
43.0297390607,5.8217974395,53982312
43.8669344101,3.7922322607,53924642
43.63920576,3.86419478,53841571
43.5974472222,3.7689972222,53774540
43.8347778319,4.3640604017,53763396
43.298743,3.502598,53720288
45.3099989177,1.6623314107,53622174
43.6273531281,3.889757283,53586017
43.1348366942,5.9045793861,53570800
43.9772949217,4.4960689544,53485502
42.9103039,3.0418959102,53256470
43.26712833,2.81588,53188247
43.11279964,5.96930325,53187342
44.5086219267,4.3131915722,53169969
44.11526696,5.1135594025,53142322
43.34933333,5.48695333,53076701
43.487871,5.23463,53076573
43.104621,3.1002621,53074714
43.359361,5.468042,53074377
43.1127177778,5.9690861944,52663875
43.6657733333,3.877345,52652779
43.365503,5.444639,52564334
43.11265379,5.96929232,52461972
43.8670028626,3.7920171638,52378105
43.6369186081,3.8600327075,52276668
44.21312,5.21011167,52141458
43.0540027752,3.0438261107,51992294
43.8624628002,5.3071278806,51910739
43.6371733333,3.4038116667,51897732
44.0555640096,5.0487220287,51826293
43.7187389809,4.3237340078,51677080
43.7187389809,4.3237340078,51565533
43.3397586316,5.504328181,51408100
43.4706427275,5.3971784017,51320436
43.7007187279,3.8680458069,51279409
43.8680876937,3.7918772661,51083707
43.83890833,4.95466667,50977041
43.5850586959,4.9999032927,50857461
44.3478128026,5.1352837237,50797908
43.33024167,2.52662,50787707
43.9473286611,4.5351889729,50765702
43.8672836943,3.7920900719,50756042
42.8681469117,2.8727689013,50754956
43.6363132283,3.4384876439,50693760
43.6689413889,3.7225997222,50665730
42.88721333,2.94548833,50571670
43.4034224513,3.1068939769,50481332
43.63748155,3.4036058933,50471253
43.4425656457,3.4198986366,50410658
43.93119,3.5706616667,50376224
43.7365855929,3.5477146972,50068461
43.7365855929,3.5477146972,50068359
43.0025972167,2.6982,47912661
43.0983980493,2.8124826225,47499616
43.4628116273,3.7518028577,46825281
46.2276380544,2.2137491405,43509966
43.4046920336,3.0933869195,40024700
43.3827633333,5.698595,37645187
43.3591186212,5.4686332494,36862118
44.8635505125,5.0651766145,36315665
44.8635505125,5.0651766145,36315664
43.9401036169,3.6838819832,33834560
44.2448417415,5.0128297301,33721588
43.5424464308,3.4734714031,33605011
43.3349255017,2.3782374114,33474353
45.4147838731,4.7106920294,31939867
43.8339042675,4.4053772947,31854142
43.7083775813,3.9046950806,31600176
45.8489686,-0.6246314,30984672
43.0763805,5.9285133333,30826046
43.1110618,5.8794681,30428451
43.1934955239,5.9339186993,30426323
43.3528903786,2.8042306405,30046422
43.9031976789,3.4747697599,29938167
44.5065474992,4.6211735605,29836674
44.11142514,3.9498294,29656240
44.4143894921,4.2718791962,29563731
43.9034399462,3.4733119793,29498330
43.7505569458,4.149166584,29446833
43.751905,3.77098,29380637
43.18673,5.6590133333,29368830
43.9603623709,4.6796225756,29175031
43.639015,3.864438,29044459
43.5411133172,6.7213013905,28786688
43.0995166667,2.9826533333,28555761
44.7374541343,5.0077894441,28553626
43.1127243042,5.9691047668,28550101
43.97245,4.7913166667,28351867
44.2238960266,4.8240976334,28175110
44.2151374817,3.1536371708,28106372
44.15395903,4.08610691,28078011
43.6389167853,3.8645244017,28064250
44.2638893127,4.9333333969,28047972
43.716557237,3.8507017841,27823442
43.1964583333,5.61882,27682725
43.3425033333,5.6480466667,26199689
43.098475,5.8658766389,25561163
43.633833782,3.8633607347,25552305
43.7672854849,3.6947919466,25409553
43.743639,4.795259,20144052
43.5919353839,3.8448898757,19137887
43.5610338012,3.275943582,16884578
43.5129270768,5.4424055047,16747727
43.6380916667,3.873855,16545632
43.0007498246,6.3735777536,16177945
43.0035949,6.3944268,15777968
45.0499506,5.0515398,15175042
43.82857123,5.16128344,15110756
43.6329883333,3.8659966667,15084215
43.8998298208,4.8056181707,15069246
43.00259445,6.373175,15023030
44.5083726291,4.3219814356,14992067
44.4531949369,4.333872544,14635254
43.8955426427,4.4734617362,14578804
43.6828833333,4.6149833333,14485619
44.1310603717,4.8330446366,14376407
43.21502,5.5349883333,14200880
43.3852479978,2.8863019776,14196819
43.6331176758,3.8659417629,14195459
43.6921154056,3.5016814526,14194571
43.545737,2.8787552,14101222
43.597914899,3.879357262,14081383
43.2816383333,5.5350716667,14067533
43.032803787,2.9733368196,13677939
44.6276507155,4.9710827228,13516422
43.6361328746,3.861426115,12085748
43.5651858987,3.8808027267,11415626
43.9665298284,4.5315684618,11314459
44.0141217657,5.16941607,9955739
43.2185216667,6.0902721667,9508753
43.9792652438,5.7760620117,8919318
43.9790799545,5.7764053345,8919317
43.9789756,5.777092,8919316
42.833829,2.919303,8341961
43.6822898374,3.836783859,8218001
43.9553645224,4.8011936992,7291267
43.7966895971,3.8655272126,7261661
43.814417,3.733433,7220662
43.8143166667,3.7366633333,7186851
43.8227945941,3.7330055228,7179256
43.8141697222,3.7398747222,7179170
43.6198130556,3.85377,7142415
43.742063106,3.709371686,6921981
43.6198313889,3.8533830556,6905450
43.1655617757,2.8723006882,6793437
43.1935883333,6.0522583333,6619820
44.1589998498,1.7259320169,3758464
43.0999184187,5.8291275725,3659452
43.312474,-0.264446,3081336
Latitude,Longitude,ID
42.0407684776,8.7978296821,167326400
42.1432141103,9.5519278174,167157853
42.0566590745,9.4537278824,167157034
43.2563408469,3.1660508074,150763956
43.0086230277,2.7477691809,127819241
43.2459575427,2.5581329226,126796547
42.9751956743,2.5655732717,118423815
43.1616666176,2.9537836835,92546427
43.0915869519,2.9802620318,63695663
Latitude,Longitude,ID
42.0407684776,8.7978296821,167326400
42.1432141103,9.5519278174,167157853
42.0566590745,9.4537278824,167157034
Latitude,Longitude,ID
43.2563408469,3.1660508074,150763956
43.2459575427,2.5581329226,126796547
42.9751956743,2.5655732717,118423815
43.1616666176,2.9537836835,92546427
43.0915869519,2.9802620318,63695663
Latitude,Longitude,ID
43.7186117638,4.9541711435,163547947
43.5756718669,3.649243652,150763958
42.758731,2.754799,144860401
43.216667,5.433333,144171534
43.2033857232,2.4189506118,123207328
43.7148017881,3.9448592661,121758480
43.1106237229,2.9073195253,86521592
42.8509955583,2.8807979971,66766726
43.17044167,3.18435333,56011102
43.0504083397,3.0489373562,41027883
42.8510669899,2.8808627606,38672815
Latitude,Longitude,ID
43.67187,2.29339,170243939
43.4769897222,1.5260250556,170132933
45.2454452515,5.823984623,170075991
44.8774127822,-0.5311105195,169924883
43.8123474121,3.7421760559,169914729
43.9172286944,3.694798,169765294
44.3949948158,4.5216356032,169749812
43.7429404,3.3258926,169626930
43.8192444444,3.7309305556,169430310
45.2184278694,5.7652851472,169388666
43.6614490024,3.5290363804,169371825
43.7147398759,3.7177257612,169331088
44.8296555037,-0.5244117603,169161662
43.0308638333,2.2536166667,169050268
43.8815983333,3.3983816667,169038354
44.0568133333,1.665145,168965275
45.0954869722,1.233757,168881548
45.2734678914,5.8484643512,168795720
44.1047897339,1.087400794,168654698
43.5800021972,3.6562260092,168558280
47.3498486496,5.0221490487,168520747
46.1591763929,-1.1590310415,168505469
45.5314372201,4.863472078,168476492
43.743822102,3.6975301835,168363226
45.9407416667,4.6180716667,168316784
45.4192616667,6.0242445,168287512
43.8697008572,0.6955165789,168048027
43.4393716667,1.6681716667,167977535
43.8166766667,3.73506,167911641
44.3951157151,0.3162974864,167866703
43.8767696277,3.7182343751,167843931
46.8161695622,-0.1408089229,167840534
45.0595541105,5.2537001297,167745650
45.0619530556,5.2533663889,167740269
46.0245666667,-0.3028388889,167552317
46.4445369063,0.2125187963,167552053
43.7114319718,3.768858533,167513379
43.7101911403,3.763622861,167512958
43.7114940127,3.7641378451,167512679
46.6699790955,0.4004425704,167497948
46.6692276001,0.3990575373,167497909
46.9507293701,4.7419447899,167360776
43.684476,0.248363,166983307
44.6973514,4.8369243997,166888316
43.7054947787,3.7738899146,166068154
46.9976833333,4.720595,166046800
44.3710667035,4.4378381129,165701141
46.0701054049,-0.3325107694,165678728
47.4252802975,3.7354585156,165181385
43.6143456325,3.8713184372,164988526
47.4016666667,0.5997222222,164847692
44.1191154951,4.4398295339,164587413
43.7959267998,3.8125347594,164284953
43.8203333333,3.8315983333,164263131
43.8454416667,3.8722683333,163880467
44.1144697283,3.9289919659,155252852
43.7789966081,3.8116959027,149179616
43.8262033333,3.69214,145115319
43.7316766667,3.710965,145056477
43.8843747435,1.8099777773,144230451
44.3933110394,4.1775690392,144218294
43.9046385977,3.7358646183,137123905
46.174864,-1.093487,135369714
45.75032,0.2608366667,134439898
44.3931058158,4.4009745295,133622261
44.2006533333,4.5086416667,132987310
44.6555551448,5.1222219318,130090207
46.637729278,0.3936474089,129786144
44.3925089434,4.179639034,129553006
44.1363203811,0.3401279077,129520687
45.80235,4.830424,128964730
43.92133954,3.4377207,128282641
44.5661527676,4.545279108,128019128
43.675072655,0.507018088,127476869
44.0390533154,5.8247320446,127323189
44.0049774241,5.7019472745,127268639
43.5618237166,6.0072338954,127127239
44.5770633333,4.5039083333,126961574
44.2594033333,4.1329083333,125568441
45.7714098961,4.8156722635,125220844
45.0263044847,5.6455500279,125210614
43.887808499,5.8285229655,125034806
43.8991008229,5.8739834279,124854590
43.1903878549,1.2479561676,124571797
46.1495090017,-1.1167252095,124538499
46.5586527397,0.5077177356,124281218
44.4996974203,1.6520540044,124267828
43.9236656153,3.7526836423,124243809
43.923525351,3.7363667754,124243798
43.9303779444,5.8478298056,124114012
43.8939629722,3.5104169722,123863343
46.0792368041,-0.7148244604,123858173
44.3933111111,4.1775694444,123736974
44.119022,3.920423,123735244
46.122031752,-1.0814504944,123726227
44.3782291729,4.1742541641,123691133
44.6562579911,0.0182862952,123502327
44.4790153503,4.3501186371,123349137
43.8745416667,3.5838777778,122639613
43.7445571778,3.7184679667,122554090
43.6263841431,3.835102024,122517404
46.6860039734,0.2469181269,122460276
46.6860039734,0.2469181269,122460223
43.6956365487,1.3549343124,122459453
46.113960976,-0.0875398783,122321601
43.677941,1.461201,122138193
43.737903015,3.541902937,122133236
45.1239860643,5.6813243777,121838552
43.6330709,3.8389264,121724832
45.7548389626,4.7897135094,121713862
44.5151530169,4.3069380793,121706877
43.6340747003,3.889054209,121395898
44.672695,5.1817316667,121378235
45.7603309115,4.7348462669,121067852
43.7424966667,3.7527533333,120525190
44.4233337243,5.3400690722,120147412
46.1479659722,-0.4250229722,120041825
43.7152555772,1.4756011963,118553318
43.9512509222,3.7502739813,118423537
43.3270393689,1.9095457345,118335158
43.8679165531,3.7918781117,118174289
43.4425224009,3.5405124482,115703192
43.7941696855,3.275702175,108529564
43.8985883333,5.8760366667,99855048
43.4064472222,3.1751861111,98277939
45.7753611007,4.8171105981,97682827
43.614020846,1.5720041469,94454250
45.9602666667,4.65325,93714568
43.6133936001,1.5735822916,91054262
47.7972248462,3.5633656383,90573774
46.1264852778,3.2070187778,90555145
45.7986111111,4.825,90032430
44.5623338,-0.2297789,88799571
43.590605,1.56298,88615605
45.4631580643,6.058193855,88360974
45.8679078119,0.1870701957,87742275
43.7882005187,3.6658173054,87694364
43.8269097427,3.6907752664,87603380
43.6366589736,1.4962595701,87260001
45.9700673211,-0.5625521299,86975593
43.9743262661,3.5916314274,86867942
43.8185583333,0.443245,86302964
45.933707674,0.067301318,85908143
44.4009466667,4.1868083333,85787891
44.472309,1.4056219722,85764839
45.213646,5.7494794,85329618
45.213646,5.7494794,85329548
42.9985965982,2.1217255667,85312085
46.1272050731,-0.8498699963,85110959
45.7695892335,4.7947698093,84423807
45.7678918,4.7995198,84401141
46.77017,4.8122916667,84036953
43.7520316667,3.755345,83831557
43.5224668117,1.4956721663,83749828
43.8597383333,3.7940496951,83630700
43.8603559934,3.7940523773,83630154
47.4031432,0.7064681,83237318
43.4415918287,3.9133607738,82680205
46.1394287216,-0.736019764,82130607
43.5224095047,3.8231194365,72397091
44.4288497892,4.5005397249,70834979
45.2136397,5.7495036,70098196
43.8956246032,3.5088589673,69299099
43.8910903403,3.5009612029,69299038
43.8967127461,3.4922505154,68415624
44.2389108049,5.2791824564,66972682
46.5810541997,0.3716154,65521456
43.8435072489,3.6670115074,64881835
45.7687165118,4.8196606651,61769976
45.7688070785,4.8202488734,61769011
43.5688392626,4.193909727,53805253
44.6790949414,5.266115392,53646287
45.7759444444,4.8155555556,53297692
44.090121333,0.9747186117,53106247
44.4636766944,4.8434205833,52809685
46.5889996291,0.3324883059,52808334
44.5383944444,4.5545388889,52660502
46.8189487489,0.5449080579,52652195
43.6297499,1.3820751,52460171
44.9242329318,1.602233313,52392167
44.4450658521,1.4317584783,52239955
45.7683333333,4.8216666667,52145185
46.643925,4.842675,52118030
44.854782176,1.3353283629,51894229
43.8199240817,3.61202437,51798197
43.7592720654,0.3015939519,51673922
43.664175,2.292431,51622314
43.6859726999,1.0040158,51576960
44.8392182989,-0.521561433,51206378
44.0938631,0.9656772,51205317
43.9580720241,0.4712440073,50984162
44.127230739,0.3518353359,50681535
44.1272602909,0.3518555476,50681514
44.1271289455,0.351788052,50681483
44.1271424228,0.3519315157,50681213
44.57731167,4.44652,50379094
45.9723917822,4.700530204,49822341
44.0534872123,0.261712186,49693474
47.2181053161,4.9880685806,48938048
43.8679953028,3.7920069234,48915304
43.472605,1.5534033333,48136363
43.8670279579,3.7917041914,47722510
43.8529570267,3.7967861632,47122011
43.60154667,1.463255,47121300
44.07073123,3.94725915,46952958
43.7067512361,3.7693882826,46742985
46.9100290304,0.8576399091,46351501
46.4804383333,0.62957,32658294
45.8311684197,4.7931237705,31692208
43.7463102646,3.7052922276,28346987
43.5763316816,1.4839469692,27856254
45.7638883333,0.0768695,27426709
45.7630284504,0.0747208111,27373229
45.7721633333,0.11645,27326914
46.6713905334,0.4347222149,26970873
44.3796192491,4.1388097843,26044454
44.8647783333,5.5288533333,19743631
44.6936666667,1.1738333333,18537153
47.3220440367,5.0112556246,14293544
44.9310465508,4.8941687867,14237960
44.3421600686,3.3735999359,14223627
45.8884502203,3.1075121462,14195211
44.386390686,4.407222271,14126805
44.4488692051,4.6013412159,14096663
45.7624026476,4.8184439912,13695557
46.3323475129,-0.4226694205,13582796
43.586675,1.5266466667,13550088
44.4145595169,5.265839147,13522624
46.8180084297,0.5700459392,12860415
46.1651733333,-1.1546466667,12444630
44.83,5.278,4942234
Latitude,Longitude,ID
44.0367348101,3.7123683097,87696338
44.4689219864,3.9544411842,26908063
Latitude,Longitude,ID
44.228305,3.99555,167670016
44.2283033333,3.99555,167167327
44.2282269905,3.9955338118,167165488
43.5225134888,2.8322963789,125420645
43.5161098746,2.8616504744,125420611
44.30245333,4.12242783,52414153
44.0955778333,4.0047833333,36131926
43.5345163368,2.911214741,14101224
Latitude,Longitude,ID
43.1830311089,6.6074118035,68415133
43.2590730748,3.1768816045,49155699
